Actor Vector:
- 'V1': [-1, 0, 0, 3, 3, 3, 3, 3, 3, 1]
- 'V2': [2, 3, 0, 0, 0, 0, 0, 0, 0, 0]
- 'V3': [2, 3, 0, 0, 0, 0, 0, 0, 0, 0]
- 'V4': [2, 3, 0, 0, 0, 0, 0, 0, 0, 0]
- 'V5': [2, 3, 0, 0, 0, 0, 0, 0, 0, 0]
- 'V6': [2, 3, 0, 0, 0, 0, 0, 0, 0, 0]
- 'V7': [3, 3, 0, 0, 0, 0, 0, 0, 0, 0]
- 'V8': [3, 3, 0, 0, 0, 0, 0, 0, 0, 0]
- 'V9': [3, 3, 0, 0, 0, 0, 0, 0, 0, 0]
- 'V10': [3, 3, 0, 0, 0, 0, 0, 0, 0, 0]
- 'V11': [3, 3, 0, 0, 0, 0, 0, 0, 0, 0]
Map Vector:
- 'Map': [2, 2, 0, 0, 4, 2]
Event Vector:
- ‘E1’: [0, 0, 0, 0, 0] | [0, 0, 0, 0, 0]
- 'E2': [1, 2, 2, 4, 4] | [2, 2, 3, 3, 4]
- 'E3': [1, 2, 2, 4, 4] | [2, 2, 3, 3, 4]
- 'E4': [1, 2, 2, 4, 4] | [2, 2, 3, 3, 4]
- 'E5': [1, 2, 2, 4, 4] | [2, 2, 3, 3, 4]
- 'E6': [1, 2, 2, 4, 4] | [2, 2, 3, 3, 4]
- 'E7': [1, 2, 2, 4, 4] | [3, 3, 4, 4, 4]
- 'E8': [1, 2, 2, 4, 4] | [3, 3, 4, 4, 4]
- 'E9': [1, 2, 2, 4, 4] | [3, 3, 4, 4, 4]
- 'E10': [1, 2, 2, 4, 4] | [3, 3, 4, 4, 4]
- 'E11': [1, 2, 2, 4, 4] | [3, 3, 4, 4, 4]

