Actor Vector:
- 'V1': [-1, 0, 0, 4, 4, 4, 4, 4, 4, 1]
- 'V2': [0, 0, 0, 3, 3, 3, 3, 3, 3, 1]
- 'V3': [1, 0, 0, 2, 2, 1, 1, 1, 1, 1]
- 'V4': [2, 0, 0, 2, 2, 1, 1, 1, 1, 1]
- 'V5': [3, 0, 0, 2, 2, 1, 1, 1, 1, 1]
- 'V6': [4, 0, 0, 4, 4, 4, 4, 4, 4, 1]
- 'V7': [5, 0, 0, 3, 3, 3, 3, 3, 3, 2]
- 'V8': [0, 1, 0, 2, 2, 2, 2, 2, 2, 1]
- 'V9': [1, 1, 0, 2, 2, 1, 1, 1, 1, 3]
- 'V10': [2, 1, 0, 3, 3, 3, 3, 3, 3, 1]
Map Vector:
- 'Map': [4, 4, 0, 0, 3, 4]
Event Vector:
- 'E1': [0, 0, 0, 0, 0] | [0, 0, 0, 0, 0]
- 'E2': [0, 0, 0, 0, 0] | [0, 0, 0, 0, 0]
- 'E3': [0, 0, 0, 0, 0] | [1, 1, 1, 1, 1]
- 'E4': [0, 0, 0, 0, 0] | [2, 2, 2, 2, 2]
- 'E5': [0, 0, 0, 0, 0] | [3, 3, 3, 3, 3]
- 'E6': [0, 0, 0, 0, 0] | [4, 4, 4, 4, 4]
- 'E7': [0, 0, 0, 0, 0] | [5, 5, 5, 5, 5]
- 'E8': [1, 1, 1, 1, 1] | [0, 0, 0, 0, 0]
- 'E9': [1, 1, 1, 1, 1] | [1, 1, 1, 1, 1]
- 'E10': [1, 1, 1, 1, 1] | [2, 2, 2, 2, 2]
